14.5,9.5,0.9950248756,0.3374957813,0.1889644747,0.2065688907,0.3381805884,0.6317119394,1.1135857461
15.5,10.5,1.4124293785,0.4003202562,0.2107037505,0.2296738631,0.3538570418,0.5865102639,0.9124087591
16.5,11.5,1.8181818182,0.8136696501,0.4448398577,0.4108463435,0.4737091426,0.5558643691,0.6067961165
17.5,12.5,1.2853470437,0.998003992,0.6269592476,0.5608524958,0.5803830528,0.6045949214,0.6035003018
18.5,13.5,1.8181818182,1.6420361248,1.0493179433,0.8424599832,0.7598784195,0.705716302,0.6591957811
19.5,14.5,1.7574692443,1.9455252918,1.5455950541,1.2285012285,0.9960159363,0.834028357,0.7315288954
20.5,15.5,1.8867924528,2.380952381,2.3419203747,1.7793594306,1.2738853503,0.9615384615,0.7923930269
21.5,16.5,1.8552875696,2.5906735751,2.9585798817,2.2471910112,1.5105740181,1.066098081,0.8368200837
22.5,17.5,2.7855153203,2.5839793282,3.2786885246,2.6041666667,1.7152658662,1.1682242991,0.8880994671
23.5,18.5,2.3041474654,3.0303030303,3.937007874,3.0581039755,1.9607843137,1.2987012987,0.9671179884
24.5,19.5,2.5706940874,2.7624309392,3.8461538462,3.2154340836,2.1413276231,1.4409221902,1.0752688172
25.5,20.5,2.2321428571,3.4246575342,4.2194092827,3.3444816054,2.2675736961,1.582278481,1.2091898428
26.5,21.5,2.1052631579,4.1493775934,4.2016806723,3.1847133758,2.3041474654,1.7301038062,1.3793103448
27.5,22.5,2.6109660574,3.4246575342,3.2051282051,2.7932960894,2.3640661939,1.9646365422,1.6420361248
28.5,23.5,3.125,4.1666666667,3.8461538462,3.4246575342,2.9761904762,2.5188916877,2.1231422505
29.5,24.5,2.4813895782,5.7471264368,5.7142857143,5.1282051282,4.347826087,3.5460992908,2.8985507246
30.5,25.5,4.7619047619,4.3859649123,6.0975609756,7.299270073,6.5789473684,5.1020408163,3.9682539683
31.5,26.5,6.8493150685,6.0975609756,11.9047619048,14.2857142857,10.989010989,7.3529411765,5.2356020942
32.5,27.5,10.3092783505,14.9253731343,31.25,28.5714285714,17.2413793103,9.8039215686,6.4516129032
33.5,28.5,16.393442623,31.25,55.5555555556,41.6666666667,21.2765957447,11.6279069767,7.5187969925
34.5,29.5,18.5185185185,66.6666666667,71.4285714286,43.4782608696,22.2222222222,12.987012987,8.7719298246
35.5,30.5,41.6666666667,66.6666666667,58.8235294118,38.4615384615,23.2558139535,15.3846153846,11.2359550562
36.5,31.5,34.4827586207,76.9230769231,76.9230769231,50,31.25,20.8333333333,16.1290322581
37.5,32.5,19.2307692308,76.9230769231,108.154877785,76.9230769231,45.4545454545,29.4117647059,23.8095238095
38.5,33.5,12.5,47.619047619,100.4116879205,83.3333333333,52.6315789474,34.4827586207,27.7777777778
39.5,34.5,8,29.4117647059,76.9230769231,66.6666666667,41.6666666667,28.5714285714,23.2558139535
40.5,35.5,5.5555555556,34.4827586207,58.8235294118,43.4782608696,26.3157894737,17.5438596491,14.0845070423
41.5,36.5,4.5454545455,13.8888888889,20.8333333333,17.5438596491,12.6582278481,9.5238095238,7.6923076923
42.5,37.5,5.8479532164,21.2765957447,20.4081632653,13.1578947368,8.7719298246,6.4102564103,5.076142132
43.5,38.5,4.0650406504,14.9253731343,18.1818181818,12.987012987,8.4745762712,5.8479532164,4.5045045045
44.5,39.5,3.0487804878,5.8479532164,13.5135135135,14.0845070423,9.8039215686,6.5359477124,4.9019607843
45.5,40.5,2.5316455696,3.8022813688,12.0481927711,15.625,11.2359550562,7.4074074074,5.5555555556
46.5,41.5,1.9455252918,3.7453183521,11.1111111111,14.4927536232,10.989010989,7.6923076923,6.0606060606
47.5,42.5,2.3752969121,3.3444816054,8.4033613445,10.8695652174,9.1743119266,7.2463768116,6.2893081761
48.5,43.5,2.3201856148,4.7169811321,7.4626865672,8,7.1942446043,6.4935064935,6.2893081761
49.5,44.5,2.8818443804,3.984063745,5.5865921788,5.9171597633,5.7803468208,5.8139534884,6.1728395062
50.5,45.5,1.8450184502,6.4516129032,7.0921985816,5.9171597633,5.3475935829,5.4644808743,6.0240963855
51.5,46.5,2.4449877751,5.3191489362,5.9523809524,5.3191489362,5,5.2356020942,5.8479532164
52.5,47.5,1.9920318725,5.6818181818,7.1428571429,6.1728395062,5.3475935829,5.2356020942,5.7142857143
53.5,48.5,1.5360983103,4.4247787611,7.2463768116,6.7567567568,5.6497175141,5.2356020942,5.5248618785
54.5,49.5,1.6977928693,2.3148148148,4.9261083744,5.8479532164,5.3191489362,5.0251256281,5.2631578947
55.5,50.5,1.8939393939,2.7100271003,5.2356020942,5.7803468208,5.1546391753,4.8309178744,5
56.5,51.5,1.6638935108,2.2727272727,4.5662100457,5.2083333333,4.7619047619,4.5248868778,4.6948356808
57.5,52.5,1.3140604468,1.6835016835,3.1847133758,3.984063745,4.0650406504,4.0983606557,4.329004329
58.5,53.5,1.1123470523,1.6977928693,2.5906735751,3.2051282051,3.5087719298,3.717472119,3.937007874
59.5,54.5,0.7507507508,2.1231422505,3.0395136778,3.3898305085,3.4722222222,3.5087719298,3.5842293907
60.5,55.5,0.5750431282,2.7932960894,3.95256917,3.8910505837,3.5587188612,3.3222591362,3.2051282051
61.5,56.5,0.7855459544,1.5060240964,2.4449877751,3.0864197531,3.1847133758,2.994011976,2.7700831025
62.5,57.5,0.9532888465,1.0964912281,2.1186440678,3.0769230769,3.2258064516,2.8901734104,2.5252525253
63.5,58.5,0.8183306056,0.900090009,2.2321428571,3.5842293907,3.6231884058,2.9673590504,2.3696682464
64.5,59.5,0.8333333333,0.8833922261,2.2573363431,3.8167938931,3.861003861,2.9673590504,2.1929824561
65.5,60.5,0.700280112,0.7880220646,2.0408163265,3.5971223022,3.7453183521,2.8735632184,2.0449897751
66.5,61.5,0.4612546125,0.935453695,2.0876826722,3.367003367,3.5335689046,2.7322404372,2.0449897751
